#357139050714596
#354194262731279
#358590262039934
#353192564594891
#354370038360102
#358847103670669
#353342509936760
#356272750881273
#355226274767468
#350779930873869
#359400362531310
#351431468667912
#357480002530197
#358238557629684
#352903226368651
350740775187450
356261606780938
350955445022172
357518793952052
357058776572775
357906409935613
351636333897177
356268462429914
351676824095162
354520031774853
354483205838311
359591011638918
354972808705356
354367614199938
358488370502010
354764396568209
353453715783415
352998826276288
350969013391315
351659972280232
351226160947533
352228154450663
359409312034960
350868423590062
356334714102665
357550314312375
356831008409839
354191345605843
359648156981469
351909267896204
350022895866242
350888506898463
358503398947433
354352630514385
353709013013445
354389121623234
350410284118301
357078965727774
350248893634866
353321359038646
353641344404599
358646689990503
358633762332589
355529288250243
352773338471200
351822786052144
351730506842068
359714967488381
353105406847442
351649324220853
358430523366240
350901317070956
352291114431256
359446032647481
350225054062095
359681270243821
353411047501830
355521163577006
354826072333263
355176694722538
355210224491916
359959088183425
352602199242048
359227714936081
356725816073045
